时间戳,数字标签,经度,纬度,艏向,角速度,x坐标,向北速度,y坐标,向东速度,期望艏向,期望速度,期望角速度,期望舵角,期望推进器电压,舵角积分补偿,航速,实际舵角,实际推进器电压,艏PG1,艏PG2,艏PG3,角PG1,角PG2,角PG3,速PG1,速PG2,速PG3
2025-07-07 10:17:15.007711,0,0.00000000,0.00000000,-180.000,0.000,-5092801.474,0.000,-9815810.036,0.000,0.000,0.000,0.000,0.000,0.000,0.000,0.000,1.130,0.000,0.000,0.600,0.000,0.000,1.000,0.000,0.000,1.000,0.000
2025-07-07 10:17:15.111055,0,0.00000000,0.00000000,-180.000,0.000,-5092801.474,0.000,-9815810.036,0.000,0.000,0.000,0.000,0.000,0.000,0.000,0.000,1.074,0.000,0.000,0.600,0.000,0.000,1.000,0.000,0.000,1.000,0.000
2025-07-07 10:17:15.221158,0,0.00000000,0.00000000,-180.000,0.000,-5092801.474,0.000,-9815810.036,0.000,0.000,0.000,0.000,0.000,0.000,0.000,0.000,1.074,0.000,0.000,0.600,0.000,0.000,1.000,0.000,0.000,1.000,0.000
2025-07-07 10:17:15.331271,0,0.00000000,0.00000000,-180.000,0.000,-5092801.474,0.000,-9815810.036,0.000,0.000,0.000,0.000,0.000,0.000,0.000,0.000,1.074,0.000,0.000,0.600,0.000,0.000,1.000,0.000,0.000,1.000,0.000
2025-07-07 10:17:15.441382,0,0.00000000,0.00000000,-180.000,0.000,-5092801.474,0.000,-9815810.036,0.000,0.000,0.000,0.000,0.000,0.000,0.000,0.000,1.074,0.000,0.000,0.600,0.000,0.000,1.000,0.000,0.000,1.000,0.000
2025-07-07 10:17:15.551482,0,0.00000000,0.00000000,-180.000,0.000,-5092801.474,0.000,-9815810.036,0.000,0.000,0.000,0.000,0.000,0.000,0.000,0.000,1.074,0.000,0.000,0.600,0.000,0.000,1.000,0.000,0.000,1.000,0.000
2025-07-07 10:17:15.661579,0,0.00000000,0.00000000,-180.000,0.000,-5092801.474,0.000,-9815810.036,0.000,0.000,0.000,0.000,0.000,0.000,0.000,0.000,1.074,0.000,0.000,0.600,0.000,0.000,1.000,0.000,0.000,1.000,0.000
2025-07-07 10:17:15.771683,0,0.00000000,0.00000000,-180.000,0.000,-5092801.474,0.000,-9815810.036,0.000,0.000,0.000,0.000,0.000,0.000,0.000,0.000,1.074,0.000,0.000,0.600,0.000,0.000,1.000,0.000,0.000,1.000,0.000
2025-07-07 10:17:15.881797,0,0.00000000,0.00000000,-180.000,0.000,-5092801.474,0.000,-9815810.036,0.000,0.000,0.000,0.000,0.000,0.000,0.000,0.000,1.074,0.000,0.000,0.600,0.000,0.000,1.000,0.000,0.000,1.000,0.000
2025-07-07 10:17:15.991894,0,0.00000000,0.00000000,-180.000,0.000,-5092801.474,0.000,-9815810.036,0.000,0.000,0.000,0.000,0.000,0.000,0.000,0.000,1.074,0.000,0.000,0.600,0.000,0.000,1.000,0.000,0.000,1.000,0.000
2025-07-07 10:17:16.101995,0,0.00000000,0.00000000,-180.000,0.000,-5092801.474,0.000,-9815810.036,0.000,0.000,0.000,0.000,0.000,0.000,0.000,0.000,1.074,0.000,0.000,0.600,0.000,0.000,1.000,0.000,0.000,1.000,0.000
2025-07-07 10:17:16.212101,0,0.00000000,0.00000000,-180.000,0.000,-5092801.474,0.000,-9815810.036,0.000,0.000,0.000,0.000,0.000,0.000,0.000,0.000,1.130,0.000,0.000,0.600,0.000,0.000,1.000,0.000,0.000,1.000,0.000
2025-07-07 10:17:16.322202,0,0.00000000,0.00000000,-180.000,0.000,-5092801.474,0.000,-9815810.036,0.000,0.000,0.000,0.000,0.000,0.000,0.000,0.000,1.130,0.000,0.000,0.600,0.000,0.000,1.000,0.000,0.000,1.000,0.000
2025-07-07 10:17:16.432303,0,0.00000000,0.00000000,-180.000,0.000,-5092801.474,0.000,-9815810.036,0.000,0.000,0.000,0.000,0.000,0.000,0.000,0.000,1.130,0.000,0.000,0.600,0.000,0.000,1.000,0.000,0.000,1.000,0.000
2025-07-07 10:17:16.542411,0,0.00000000,0.00000000,-180.000,0.000,-5092801.474,0.000,-9815810.036,0.000,0.000,0.000,0.000,0.000,0.000,0.000,0.000,1.130,0.000,0.000,0.600,0.000,0.000,1.000,0.000,0.000,1.000,0.000
2025-07-07 10:17:16.652525,0,0.00000000,0.00000000,-180.000,0.000,-5092801.474,0.000,-9815810.036,0.000,0.000,0.000,0.000,0.000,0.000,0.000,0.000,1.130,0.000,0.000,0.600,0.000,0.000,1.000,0.000,0.000,1.000,0.000
2025-07-07 10:17:16.762612,0,0.00000000,0.00000000,-180.000,0.000,-5092801.474,0.000,-9815810.036,0.000,0.000,0.000,0.000,0.000,0.000,0.000,0.000,1.130,0.000,0.000,0.600,0.000,0.000,1.000,0.000,0.000,1.000,0.000
2025-07-07 10:17:16.872730,0,0.00000000,0.00000000,-180.000,0.000,-5092801.474,0.000,-9815810.036,0.000,0.000,0.000,0.000,0.000,0.000,0.000,0.000,1.130,0.000,0.000,0.600,0.000,0.000,1.000,0.000,0.000,1.000,0.000
2025-07-07 10:17:16.982828,0,0.00000000,0.00000000,-180.000,0.000,-5092801.474,0.000,-9815810.036,0.000,0.000,0.000,0.000,0.000,0.000,0.000,0.000,1.130,0.000,0.000,0.600,0.000,0.000,1.000,0.000,0.000,1.000,0.000
2025-07-07 10:17:17.092921,0,0.00000000,0.00000000,-180.000,0.000,-5092801.474,0.000,-9815810.036,0.000,0.000,0.000,0.000,0.000,0.000,0.000,0.000,1.130,0.000,0.000,0.600,0.000,0.000,1.000,0.000,0.000,1.000,0.000
2025-07-07 10:17:17.203026,0,0.00000000,0.00000000,-180.000,0.000,-5092801.474,0.000,-9815810.036,0.000,0.000,0.000,0.000,0.000,0.000,0.000,0.000,1.074,0.000,0.000,0.600,0.000,0.000,1.000,0.000,0.000,1.000,0.000
2025-07-07 10:17:17.313126,0,0.00000000,0.00000000,-180.000,0.000,-5092801.474,0.000,-9815810.036,0.000,0.000,0.000,0.000,0.000,0.000,0.000,0.000,1.074,0.000,0.000,0.600,0.000,0.000,1.000,0.000,0.000,1.000,0.000
2025-07-07 10:17:17.423231,0,0.00000000,0.00000000,-180.000,0.000,-5092801.474,0.000,-9815810.036,0.000,0.000,0.000,0.000,0.000,0.000,0.000,0.000,1.074,0.000,0.000,0.600,0.000,0.000,1.000,0.000,0.000,1.000,0.000
2025-07-07 10:17:17.533341,0,0.00000000,0.00000000,-180.000,0.000,-5092801.474,0.000,-9815810.036,0.000,0.000,0.000,0.000,0.000,0.000,0.000,0.000,1.074,0.000,0.000,0.600,0.000,0.000,1.000,0.000,0.000,1.000,0.000
2025-07-07 10:17:17.643451,0,0.00000000,0.00000000,-180.000,0.000,-5092801.474,0.000,-9815810.036,0.000,0.000,0.000,0.000,0.000,0.000,0.000,0.000,1.130,0.000,0.000,0.600,0.000,0.000,1.000,0.000,0.000,1.000,0.000
2025-07-07 10:17:17.753556,0,0.00000000,0.00000000,-180.000,0.000,-5092801.474,0.000,-9815810.036,0.000,0.000,0.000,0.000,0.000,0.000,0.000,0.000,1.130,0.000,0.000,0.600,0.000,0.000,1.000,0.000,0.000,1.000,0.000
2025-07-07 10:17:17.863662,0,0.00000000,0.00000000,-180.000,0.000,-5092801.474,0.000,-9815810.036,0.000,0.000,0.000,0.000,0.000,0.000,0.000,0.000,1.130,0.000,0.000,0.600,0.000,0.000,1.000,0.000,0.000,1.000,0.000
2025-07-07 10:17:17.973758,0,0.00000000,0.00000000,-180.000,0.000,-5092801.474,0.000,-9815810.036,0.000,0.000,0.000,0.000,0.000,0.000,0.000,0.000,1.130,0.000,0.000,0.600,0.000,0.000,1.000,0.000,0.000,1.000,0.000
2025-07-07 10:17:18.083873,0,0.00000000,0.00000000,-180.000,0.000,-5092801.474,0.000,-9815810.036,0.000,0.000,0.000,0.000,0.000,0.000,0.000,0.000,1.130,0.000,0.000,0.600,0.000,0.000,1.000,0.000,0.000,1.000,0.000
2025-07-07 10:17:18.194027,0,0.00000000,0.00000000,-180.000,0.000,-5092801.474,0.000,-9815810.036,0.000,0.000,0.000,0.000,0.000,0.000,0.000,0.000,1.185,0.000,0.000,0.600,0.000,0.000,1.000,0.000,0.000,1.000,0.000
2025-07-07 10:17:18.304074,0,0.00000000,0.00000000,-180.000,0.000,-5092801.474,0.000,-9815810.036,0.000,0.000,0.000,0.000,0.000,0.000,0.000,0.000,1.185,0.000,0.000,0.600,0.000,0.000,1.000,0.000,0.000,1.000,0.000
2025-07-07 10:17:18.414177,0,0.00000000,0.00000000,-180.000,0.000,-5092801.474,0.000,-9815810.036,0.000,0.000,0.000,0.000,0.000,0.000,0.000,0.000,1.185,0.000,0.000,0.600,0.000,0.000,1.000,0.000,0.000,1.000,0.000
2025-07-07 10:17:18.524275,0,0.00000000,0.00000000,-180.000,0.000,-5092801.474,0.000,-9815810.036,0.000,0.000,0.000,0.000,0.000,0.000,0.000,0.000,1.185,0.000,0.000,0.600,0.000,0.000,1.000,0.000,0.000,1.000,0.000
2025-07-07 10:17:18.634358,0,0.00000000,0.00000000,-180.000,0.000,-5092801.474,0.000,-9815810.036,0.000,0.000,0.000,0.000,0.000,0.000,0.000,0.000,1.185,0.000,0.000,0.600,0.000,0.000,1.000,0.000,0.000,1.000,0.000
2025-07-07 10:17:18.744485,0,0.00000000,0.00000000,-180.000,0.000,-5092801.474,0.000,-9815810.036,0.000,0.000,0.000,0.000,0.000,0.000,0.000,0.000,1.185,0.000,0.000,0.600,0.000,0.000,1.000,0.000,0.000,1.000,0.000
2025-07-07 10:17:18.854586,0,0.00000000,0.00000000,-180.000,0.000,-5092801.474,0.000,-9815810.036,0.000,0.000,0.000,0.000,0.000,0.000,0.000,0.000,1.185,0.000,0.000,0.600,0.000,0.000,1.000,0.000,0.000,1.000,0.000
2025-07-07 10:17:18.964691,0,0.00000000,0.00000000,-180.000,0.000,-5092801.474,0.000,-9815810.036,0.000,0.000,0.000,0.000,0.000,0.000,0.000,0.000,1.185,0.000,0.000,0.600,0.000,0.000,1.000,0.000,0.000,1.000,0.000
2025-07-07 10:17:19.074797,0,0.00000000,0.00000000,-180.000,0.000,-5092801.474,0.000,-9815810.036,0.000,0.000,0.000,0.000,0.000,0.000,0.000,0.000,1.185,0.000,0.000,0.600,0.000,0.000,1.000,0.000,0.000,1.000,0.000
2025-07-07 10:17:19.184883,0,0.00000000,0.00000000,-180.000,0.000,-5092801.474,0.000,-9815810.036,0.000,0.000,0.000,0.000,0.000,0.000,0.000,0.000,1.241,0.000,0.000,0.600,0.000,0.000,1.000,0.000,0.000,1.000,0.000
2025-07-07 10:17:19.295005,0,0.00000000,0.00000000,-180.000,0.000,-5092801.474,0.000,-9815810.036,0.000,0.000,0.000,0.000,0.000,0.000,0.000,0.000,1.241,0.000,0.000,0.600,0.000,0.000,1.000,0.000,0.000,1.000,0.000
2025-07-07 10:17:19.405095,0,0.00000000,0.00000000,-180.000,0.000,-5092801.474,0.000,-9815810.036,0.000,0.000,0.000,0.000,0.000,0.000,0.000,0.000,1.241,0.000,0.000,0.600,0.000,0.000,1.000,0.000,0.000,1.000,0.000
2025-07-07 10:17:19.515208,0,0.00000000,0.00000000,-180.000,0.000,-5092801.474,0.000,-9815810.036,0.000,0.000,0.000,0.000,0.000,0.000,0.000,0.000,1.241,0.000,0.000,0.600,0.000,0.000,1.000,0.000,0.000,1.000,0.000
2025-07-07 10:17:19.625309,0,0.00000000,0.00000000,-180.000,0.000,-5092801.474,0.000,-9815810.036,0.000,0.000,0.000,0.000,0.000,0.000,0.000,0.000,1.130,0.000,0.000,0.600,0.000,0.000,1.000,0.000,0.000,1.000,0.000
2025-07-07 10:17:19.735430,0,0.00000000,0.00000000,-180.000,0.000,-5092801.474,0.000,-9815810.036,0.000,0.000,0.000,0.000,0.000,0.000,0.000,0.000,1.130,0.000,0.000,0.600,0.000,0.000,1.000,0.000,0.000,1.000,0.000
2025-07-07 10:17:19.845537,0,0.00000000,0.00000000,-180.000,0.000,-5092801.474,0.000,-9815810.036,0.000,0.000,0.000,0.000,30.000,0.000,0.000,0.000,1.130,0.000,0.000,0.600,0.000,0.000,1.000,0.000,0.000,1.000,0.000
2025-07-07 10:17:19.955633,0,0.00000000,0.00000000,-180.000,0.000,-5092801.474,0.000,-9815810.036,0.000,0.000,0.000,0.000,30.000,0.000,0.000,0.000,1.130,0.000,0.000,0.600,0.000,0.000,1.000,0.000,0.000,1.000,0.000
2025-07-07 10:17:20.065729,0,0.00000000,0.00000000,-180.000,0.000,-5092801.474,0.000,-9815810.036,0.000,0.000,0.000,0.000,30.000,0.000,0.000,0.000,1.130,0.000,0.000,0.600,0.000,0.000,1.000,0.000,0.000,1.000,0.000
2025-07-07 10:17:20.175836,0,0.00000000,0.00000000,-180.000,0.000,-5092801.474,0.000,-9815810.036,0.000,0.000,0.000,0.000,30.000,0.000,0.000,0.000,1.241,0.000,0.000,0.600,0.000,0.000,1.000,0.000,0.000,1.000,0.000
2025-07-07 10:17:20.285998,0,0.00000000,0.00000000,-180.000,0.000,-5092801.474,0.000,-9815810.036,0.000,0.000,0.000,0.000,30.000,0.000,0.000,0.000,1.241,0.000,0.000,0.600,0.000,0.000,1.000,0.000,0.000,1.000,0.000
2025-07-07 10:17:20.396040,0,0.00000000,0.00000000,-180.000,0.000,-5092801.474,0.000,-9815810.036,0.000,0.000,0.000,0.000,30.000,0.000,0.000,0.000,1.241,0.000,0.000,0.600,0.000,0.000,1.000,0.000,0.000,1.000,0.000
2025-07-07 10:17:20.506130,0,0.00000000,0.00000000,-180.000,0.000,-5092801.474,0.000,-9815810.036,0.000,0.000,0.000,0.000,30.000,0.000,0.000,0.000,1.241,0.000,0.000,0.600,0.000,0.000,1.000,0.000,0.000,1.000,0.000
2025-07-07 10:17:20.616234,0,0.00000000,0.00000000,-180.000,0.000,-5092801.474,0.000,-9815810.036,0.000,0.000,0.000,0.000,30.000,0.000,0.000,0.000,1.185,0.000,0.000,0.600,0.000,0.000,1.000,0.000,0.000,1.000,0.000
2025-07-07 10:17:20.726353,0,0.00000000,0.00000000,-180.000,0.000,-5092801.474,0.000,-9815810.036,0.000,0.000,0.000,0.000,30.000,0.000,0.000,0.000,1.185,0.000,0.000,0.600,0.000,0.000,1.000,0.000,0.000,1.000,0.000
2025-07-07 10:17:20.836453,0,0.00000000,0.00000000,-180.000,0.000,-5092801.474,0.000,-9815810.036,0.000,0.000,0.000,0.000,30.000,0.000,0.000,0.000,1.185,0.000,0.000,0.600,0.000,0.000,1.000,0.000,0.000,1.000,0.000
2025-07-07 10:17:20.946557,0,0.00000000,0.00000000,-180.000,0.000,-5092801.474,0.000,-9815810.036,0.000,0.000,0.000,0.000,30.000,0.000,0.000,0.000,1.185,0.000,0.000,0.600,0.000,0.000,1.000,0.000,0.000,1.000,0.000
2025-07-07 10:17:21.056667,0,0.00000000,0.00000000,-180.000,0.000,-5092801.474,0.000,-9815810.036,0.000,0.000,0.000,0.000,30.000,0.000,0.000,0.000,1.185,0.000,0.000,0.600,0.000,0.000,1.000,0.000,0.000,1.000,0.000
2025-07-07 10:17:21.166803,0,0.00000000,0.00000000,-180.000,0.000,-5092801.474,0.000,-9815810.036,0.000,0.000,0.000,0.000,30.000,0.000,0.000,0.000,1.185,0.000,0.000,0.600,0.000,0.000,1.000,0.000,0.000,1.000,0.000
2025-07-07 10:17:21.276870,0,0.00000000,0.00000000,-180.000,0.000,-5092801.474,0.000,-9815810.036,0.000,0.000,0.000,0.000,30.000,0.000,0.000,0.000,1.185,0.000,0.000,0.600,0.000,0.000,1.000,0.000,0.000,1.000,0.000
2025-07-07 10:17:21.386976,0,0.00000000,0.00000000,-180.000,0.000,-5092801.474,0.000,-9815810.036,0.000,0.000,0.000,0.000,30.000,0.000,0.000,0.000,1.185,0.000,0.000,0.600,0.000,0.000,1.000,0.000,0.000,1.000,0.000
2025-07-07 10:17:21.497147,0,0.00000000,0.00000000,-180.000,0.000,-5092801.474,0.000,-9815810.036,0.000,0.000,0.000,0.000,30.000,0.000,0.000,0.000,1.185,0.000,0.000,0.600,0.000,0.000,1.000,0.000,0.000,1.000,0.000
2025-07-07 10:17:21.607183,0,0.00000000,0.00000000,-180.000,0.000,-5092801.474,0.000,-9815810.036,0.000,0.000,0.000,0.000,30.000,0.000,0.000,0.000,1.241,0.000,0.000,0.600,0.000,0.000,1.000,0.000,0.000,1.000,0.000
2025-07-07 10:17:21.717299,0,0.00000000,0.00000000,-180.000,0.000,-5092801.474,0.000,-9815810.036,0.000,0.000,0.000,0.000,30.000,0.000,0.000,0.000,1.241,0.000,0.000,0.600,0.000,0.000,1.000,0.000,0.000,1.000,0.000
2025-07-07 10:17:21.827391,0,0.00000000,0.00000000,-180.000,0.000,-5092801.474,0.000,-9815810.036,0.000,0.000,0.000,0.000,30.000,0.000,0.000,0.000,1.241,0.000,0.000,0.600,0.000,0.000,1.000,0.000,0.000,1.000,0.000
2025-07-07 10:17:21.937492,0,0.00000000,0.00000000,-180.000,0.000,-5092801.474,0.000,-9815810.036,0.000,0.000,0.000,0.000,30.000,0.000,0.000,0.000,1.241,0.000,0.000,0.600,0.000,0.000,1.000,0.000,0.000,1.000,0.000
2025-07-07 10:17:22.047617,0,0.00000000,0.00000000,-180.000,0.000,-5092801.474,0.000,-9815810.036,0.000,0.000,0.000,0.000,30.000,0.000,0.000,0.000,1.241,0.000,0.000,0.600,0.000,0.000,1.000,0.000,0.000,1.000,0.000
2025-07-07 10:17:22.157688,0,0.00000000,0.00000000,-180.000,0.000,-5092801.474,0.000,-9815810.036,0.000,0.000,0.000,0.000,30.000,0.000,0.000,0.000,1.185,0.000,0.000,0.600,0.000,0.000,1.000,0.000,0.000,1.000,0.000
2025-07-07 10:17:22.267814,0,0.00000000,0.00000000,-180.000,0.000,-5092801.474,0.000,-9815810.036,0.000,0.000,0.000,0.000,30.000,0.000,0.000,0.000,1.185,0.000,0.000,0.600,0.000,0.000,1.000,0.000,0.000,1.000,0.000
2025-07-07 10:17:22.377936,0,0.00000000,0.00000000,-180.000,0.000,-5092801.474,0.000,-9815810.036,0.000,0.000,0.000,0.000,30.000,0.000,0.000,0.000,1.185,0.000,0.000,0.600,0.000,0.000,1.000,0.000,0.000,1.000,0.000
2025-07-07 10:17:22.488011,0,0.00000000,0.00000000,-180.000,0.000,-5092801.474,0.000,-9815810.036,0.000,0.000,0.000,0.000,30.000,0.000,0.000,0.000,1.185,0.000,0.000,0.600,0.000,0.000,1.000,0.000,0.000,1.000,0.000
2025-07-07 10:17:22.598115,0,0.00000000,0.00000000,-180.000,0.000,-5092801.474,0.000,-9815810.036,0.000,0.000,0.000,0.000,30.000,0.000,0.000,0.000,1.185,0.000,0.000,0.600,0.000,0.000,1.000,0.000,0.000,1.000,0.000
2025-07-07 10:17:22.708229,0,0.00000000,0.00000000,-180.000,0.000,-5092801.474,0.000,-9815810.036,0.000,0.000,0.000,0.000,30.000,0.000,0.000,0.000,1.241,0.000,0.000,0.600,0.000,0.000,1.000,0.000,0.000,1.000,0.000
2025-07-07 10:17:22.818319,0,0.00000000,0.00000000,-180.000,0.000,-5092801.474,0.000,-9815810.036,0.000,0.000,0.000,0.000,30.000,0.000,0.000,0.000,1.241,0.000,0.000,0.600,0.000,0.000,1.000,0.000,0.000,1.000,0.000
2025-07-07 10:17:22.928424,0,0.00000000,0.00000000,-180.000,0.000,-5092801.474,0.000,-9815810.036,0.000,0.000,0.000,0.000,30.000,0.000,0.000,0.000,1.241,0.000,0.000,0.600,0.000,0.000,1.000,0.000,0.000,1.000,0.000
2025-07-07 10:17:23.038533,0,0.00000000,0.00000000,-180.000,0.000,-5092801.474,0.000,-9815810.036,0.000,0.000,0.000,0.000,30.000,0.000,0.000,0.000,1.241,0.000,0.000,0.600,0.000,0.000,1.000,0.000,0.000,1.000,0.000
2025-07-07 10:17:23.148637,0,0.00000000,0.00000000,-180.000,0.000,-5092801.474,0.000,-9815810.036,0.000,0.000,0.000,0.000,30.000,0.000,0.000,0.000,1.185,0.000,0.000,0.600,0.000,0.000,1.000,0.000,0.000,1.000,0.000
2025-07-07 10:17:23.258740,0,0.00000000,0.00000000,-180.000,0.000,-5092801.474,0.000,-9815810.036,0.000,0.000,0.000,0.000,30.000,0.000,0.000,0.000,1.185,0.000,0.000,0.600,0.000,0.000,1.000,0.000,0.000,1.000,0.000
2025-07-07 10:17:23.368832,0,0.00000000,0.00000000,-180.000,0.000,-5092801.474,0.000,-9815810.036,0.000,0.000,0.000,0.000,30.000,0.000,0.000,0.000,1.185,0.000,0.000,0.600,0.000,0.000,1.000,0.000,0.000,1.000,0.000
2025-07-07 10:17:23.478947,0,0.00000000,0.00000000,-180.000,0.000,-5092801.474,0.000,-9815810.036,0.000,0.000,0.000,0.000,30.000,0.000,0.000,0.000,1.185,0.000,0.000,0.600,0.000,0.000,1.000,0.000,0.000,1.000,0.000
2025-07-07 10:17:23.589144,0,0.00000000,0.00000000,-180.000,0.000,-5092801.474,0.000,-9815810.036,0.000,0.000,0.000,0.000,30.000,0.000,0.000,0.000,1.185,0.000,0.000,0.600,0.000,0.000,1.000,0.000,0.000,1.000,0.000
2025-07-07 10:17:23.699162,0,0.00000000,0.00000000,-180.000,0.000,-5092801.474,0.000,-9815810.036,0.000,0.000,0.000,0.000,30.000,0.000,0.000,0.000,1.185,0.000,0.000,0.600,0.000,0.000,1.000,0.000,0.000,1.000,0.000
2025-07-07 10:17:23.809251,0,0.00000000,0.00000000,-180.000,0.000,-5092801.474,0.000,-9815810.036,0.000,0.000,0.000,0.000,30.000,0.000,0.000,0.000,1.185,0.000,0.000,0.600,0.000,0.000,1.000,0.000,0.000,1.000,0.000
2025-07-07 10:17:23.929379,0,0.00000000,0.00000000,-180.000,0.000,-5092801.474,0.000,-9815810.036,0.000,0.000,0.000,0.000,30.000,0.000,0.000,0.000,1.185,0.000,0.000,0.600,0.000,0.000,1.000,0.000,0.000,1.000,0.000
2025-07-07 10:17:24.049494,0,0.00000000,0.00000000,-180.000,0.000,-5092801.474,0.000,-9815810.036,0.000,0.000,0.000,0.000,30.000,0.000,0.000,0.000,1.185,0.000,0.000,0.600,0.000,0.000,1.000,0.000,0.000,1.000,0.000
2025-07-07 10:17:24.169603,0,0.00000000,0.00000000,-180.000,0.000,-5092801.474,0.000,-9815810.036,0.000,0.000,0.000,0.000,30.000,0.000,0.000,0.000,1.185,0.000,0.000,0.600,0.000,0.000,1.000,0.000,0.000,1.000,0.000
2025-07-07 10:17:24.289703,0,0.00000000,0.00000000,-180.000,0.000,-5092801.474,0.000,-9815810.036,0.000,0.000,0.000,0.000,30.000,0.000,0.000,0.000,1.185,0.000,0.000,0.600,0.000,0.000,1.000,0.000,0.000,1.000,0.000
2025-07-07 10:17:24.409824,0,0.00000000,0.00000000,-180.000,0.000,-5092801.474,0.000,-9815810.036,0.000,0.000,0.000,0.000,30.000,0.000,0.000,0.000,1.185,0.000,0.000,0.600,0.000,0.000,1.000,0.000,0.000,1.000,0.000
2025-07-07 10:17:24.529943,0,0.00000000,0.00000000,-180.000,0.000,-5092801.474,0.000,-9815810.036,0.000,0.000,0.000,0.000,30.000,0.000,0.000,0.000,1.185,0.000,0.000,0.600,0.000,0.000,1.000,0.000,0.000,1.000,0.000
2025-07-07 10:17:24.650050,0,0.00000000,0.00000000,-180.000,0.000,-5092801.474,0.000,-9815810.036,0.000,0.000,0.000,0.000,30.000,0.000,0.000,0.000,1.241,0.000,0.000,0.600,0.000,0.000,1.000,0.000,0.000,1.000,0.000
2025-07-07 10:17:24.770155,0,0.00000000,0.00000000,-180.000,0.000,-5092801.474,0.000,-9815810.036,0.000,0.000,0.000,0.000,30.000,0.000,0.000,0.000,1.241,0.000,0.000,0.600,0.000,0.000,1.000,0.000,0.000,1.000,0.000
2025-07-07 10:17:24.880272,0,0.00000000,0.00000000,-180.000,0.000,-5092801.474,0.000,-9815810.036,0.000,0.000,0.000,0.000,30.000,0.000,0.000,0.000,1.241,0.000,0.000,0.600,0.000,0.000,1.000,0.000,0.000,1.000,0.000
2025-07-07 10:17:24.990373,0,0.00000000,0.00000000,-180.000,0.000,-5092801.474,0.000,-9815810.036,0.000,0.000,0.000,0.000,30.000,0.000,0.000,0.000,1.241,0.000,0.000,0.600,0.000,0.000,1.000,0.000,0.000,1.000,0.000
2025-07-07 10:17:25.100473,0,0.00000000,0.00000000,-180.000,0.000,-5092801.474,0.000,-9815810.036,0.000,0.000,0.000,0.000,30.000,0.000,0.000,0.000,1.241,0.000,0.000,0.600,0.000,0.000,1.000,0.000,0.000,1.000,0.000
2025-07-07 10:17:25.210569,0,0.00000000,0.00000000,-180.000,0.000,-5092801.474,0.000,-9815810.036,0.000,0.000,0.000,0.000,30.000,0.000,0.000,0.000,1.241,0.000,0.000,0.600,0.000,0.000,1.000,0.000,0.000,1.000,0.000
2025-07-07 10:17:25.320679,0,0.00000000,0.00000000,-180.000,0.000,-5092801.474,0.000,-9815810.036,0.000,0.000,0.000,0.000,30.000,0.000,0.000,0.000,1.241,0.000,0.000,0.600,0.000,0.000,1.000,0.000,0.000,1.000,0.000
2025-07-07 10:17:25.430775,0,0.00000000,0.00000000,-180.000,0.000,-5092801.474,0.000,-9815810.036,0.000,0.000,0.000,0.000,30.000,0.000,0.000,0.000,1.241,0.000,0.000,0.600,0.000,0.000,1.000,0.000,0.000,1.000,0.000
2025-07-07 10:17:25.540889,0,0.00000000,0.00000000,-180.000,0.000,-5092801.474,0.000,-9815810.036,0.000,0.000,0.000,0.000,30.000,0.000,0.000,0.000,1.241,0.000,0.000,0.600,0.000,0.000,1.000,0.000,0.000,1.000,0.000
2025-07-07 10:17:25.650971,0,0.00000000,0.00000000,-180.000,0.000,-5092801.474,0.000,-9815810.036,0.000,0.000,0.000,0.000,30.000,0.000,0.000,0.000,1.241,0.000,0.000,0.600,0.000,0.000,1.000,0.000,0.000,1.000,0.000
2025-07-07 10:17:25.761101,0,0.00000000,0.00000000,-180.000,0.000,-5092801.474,0.000,-9815810.036,0.000,0.000,0.000,0.000,30.000,0.000,0.000,0.000,1.241,0.000,0.000,0.600,0.000,0.000,1.000,0.000,0.000,1.000,0.000
2025-07-07 10:17:25.871195,0,0.00000000,0.00000000,-180.000,0.000,-5092801.474,0.000,-9815810.036,0.000,0.000,0.000,0.000,30.000,0.000,0.000,0.000,1.241,0.000,0.000,0.600,0.000,0.000,1.000,0.000,0.000,1.000,0.000
2025-07-07 10:17:25.981309,0,0.00000000,0.00000000,-180.000,0.000,-5092801.474,0.000,-9815810.036,0.000,0.000,0.000,0.000,30.000,0.000,0.000,0.000,1.241,0.000,0.000,0.600,0.000,0.000,1.000,0.000,0.000,1.000,0.000
2025-07-07 10:17:26.091408,0,0.00000000,0.00000000,-180.000,0.000,-5092801.474,0.000,-9815810.036,0.000,0.000,0.000,0.000,30.000,0.000,0.000,0.000,1.241,0.000,0.000,0.600,0.000,0.000,1.000,0.000,0.000,1.000,0.000
2025-07-07 10:17:26.201500,0,0.00000000,0.00000000,-180.000,0.000,-5092801.474,0.000,-9815810.036,0.000,0.000,0.000,0.000,30.000,0.000,0.000,0.000,1.241,0.000,0.000,0.600,0.000,0.000,1.000,0.000,0.000,1.000,0.000
2025-07-07 10:17:26.311613,0,0.00000000,0.00000000,-180.000,0.000,-5092801.474,0.000,-9815810.036,0.000,0.000,0.000,0.000,30.000,0.000,0.000,0.000,1.241,0.000,0.000,0.600,0.000,0.000,1.000,0.000,0.000,1.000,0.000
2025-07-07 10:17:26.421726,0,0.00000000,0.00000000,-180.000,0.000,-5092801.474,0.000,-9815810.036,0.000,0.000,0.000,0.000,30.000,0.000,0.000,0.000,1.241,0.000,0.000,0.600,0.000,0.000,1.000,0.000,0.000,1.000,0.000
2025-07-07 10:17:26.531823,0,0.00000000,0.00000000,-180.000,0.000,-5092801.474,0.000,-9815810.036,0.000,0.000,0.000,0.000,30.000,0.000,0.000,0.000,1.241,0.000,0.000,0.600,0.000,0.000,1.000,0.000,0.000,1.000,0.000
2025-07-07 10:17:26.641918,0,0.00000000,0.00000000,-180.000,0.000,-5092801.474,0.000,-9815810.036,0.000,0.000,0.000,0.000,30.000,0.000,0.000,0.000,1.241,0.000,0.000,0.600,0.000,0.000,1.000,0.000,0.000,1.000,0.000
2025-07-07 10:17:26.752021,0,0.00000000,0.00000000,-180.000,0.000,-5092801.474,0.000,-9815810.036,0.000,0.000,0.000,0.000,30.000,0.000,0.000,0.000,1.241,0.000,0.000,0.600,0.000,0.000,1.000,0.000,0.000,1.000,0.000
2025-07-07 10:17:26.862138,0,0.00000000,0.00000000,-180.000,0.000,-5092801.474,0.000,-9815810.036,0.000,0.000,0.000,0.000,30.000,0.000,0.000,0.000,1.241,0.000,0.000,0.600,0.000,0.000,1.000,0.000,0.000,1.000,0.000
2025-07-07 10:17:26.972244,0,0.00000000,0.00000000,-180.000,0.000,-5092801.474,0.000,-9815810.036,0.000,0.000,0.000,0.000,30.000,0.000,0.000,0.000,1.241,0.000,0.000,0.600,0.000,0.000,1.000,0.000,0.000,1.000,0.000
2025-07-07 10:17:27.082344,0,0.00000000,0.00000000,-180.000,0.000,-5092801.474,0.000,-9815810.036,0.000,0.000,0.000,0.000,30.000,0.000,0.000,0.000,1.241,0.000,0.000,0.600,0.000,0.000,1.000,0.000,0.000,1.000,0.000
2025-07-07 10:17:27.192432,0,0.00000000,0.00000000,-180.000,0.000,-5092801.474,0.000,-9815810.036,0.000,0.000,0.000,0.000,30.000,0.000,0.000,0.000,1.241,0.000,0.000,0.600,0.000,0.000,1.000,0.000,0.000,1.000,0.000
2025-07-07 10:17:27.302537,0,0.00000000,0.00000000,-180.000,0.000,-5092801.474,0.000,-9815810.036,0.000,0.000,0.000,0.000,30.000,0.000,0.000,0.000,1.241,0.000,0.000,0.600,0.000,0.000,1.000,0.000,0.000,1.000,0.000
2025-07-07 10:17:27.412657,0,0.00000000,0.00000000,-180.000,0.000,-5092801.474,0.000,-9815810.036,0.000,0.000,0.000,0.000,30.000,0.000,0.000,0.000,1.241,0.000,0.000,0.600,0.000,0.000,1.000,0.000,0.000,1.000,0.000
2025-07-07 10:17:27.522748,0,0.00000000,0.00000000,-180.000,0.000,-5092801.474,0.000,-9815810.036,0.000,0.000,0.000,0.000,30.000,0.000,0.000,0.000,1.241,0.000,0.000,0.600,0.000,0.000,1.000,0.000,0.000,1.000,0.000
2025-07-07 10:17:27.632838,0,0.00000000,0.00000000,-180.000,0.000,-5092801.474,0.000,-9815810.036,0.000,0.000,0.000,0.000,30.000,0.000,0.000,0.000,1.241,0.000,0.000,0.600,0.000,0.000,1.000,0.000,0.000,1.000,0.000
2025-07-07 10:17:27.742957,0,0.00000000,0.00000000,-180.000,0.000,-5092801.474,0.000,-9815810.036,0.000,0.000,0.000,0.000,30.000,0.000,0.000,0.000,1.241,0.000,0.000,0.600,0.000,0.000,1.000,0.000,0.000,1.000,0.000
2025-07-07 10:17:27.853080,0,0.00000000,0.00000000,-180.000,0.000,-5092801.474,0.000,-9815810.036,0.000,0.000,0.000,0.000,30.000,0.000,0.000,0.000,1.241,0.000,0.000,0.600,0.000,0.000,1.000,0.000,0.000,1.000,0.000
2025-07-07 10:17:27.963171,0,0.00000000,0.00000000,-180.000,0.000,-5092801.474,0.000,-9815810.036,0.000,0.000,0.000,0.000,30.000,0.000,0.000,0.000,1.241,0.000,0.000,0.600,0.000,0.000,1.000,0.000,0.000,1.000,0.000
